1604178000,13844.9,13844.91,13844.9,13844.91,0.03839137,4
1604179500,13840.39,13840.4,13840.39,13840.4,0.4372807,4
1604182200,13844.81,13844.81,13827.17,13827.17,0.00718698,2
1604182500,13845.59,13845.59,13830.14,13830.14,0.0071881,2
1604182800,13851.86,13851.86,13851.86,13851.86,0.00359272,1
1604183400,13855.68,13887.08,13855.68,13887.08,0.00748499,2
1604184000,13885.99,13885.99,13877.11,13877.11,0.10770763,4
1604184300,13896.76,13896.76,13896.76,13896.76,0.00214804,1
1604184900,13858.55,13888.26,13858.55,13888.26,0.0042976,2
1604185200,13870.29,13870.29,13870.29,13870.29,0.002,1
1604185500,13845.54,13849.78,13845.54,13849.78,0.1,3
1604185800,13800.0,13800.0,13800.0,13800.0,0.01605881,1
1604186400,13798.09,13798.09,13798.09,13798.09,0.002,1
1604188500,13815.37,13815.37,13815.37,13815.37,0.064,2
1604188800,13770.78,13770.78,13750.77,13750.77,0.00437008,2
1604189100,13855.68,13882.58,13855.68,13872.25,1.20331389,5
1604190900,13770.78,13770.78,13730.06,13730.06,0.00675016,2
1604194500,13742.57,13744.7,13742.57,13744.7,0.36,5
1604197800,13783.68,13783.68,13783.68,13783.68,0.02713553,1
1604200500,13730.95,13730.95,13730.95,13730.95,0.00369398,1
1604201100,13689.49,13689.49,13684.6,13684.6,0.73335,13
1604202600,13707.2,13707.2,13707.2,13707.2,0.0075,1
1604215200,13751.13,13751.13,13751.12,13751.12,0.20656,3
1604216100,13751.29,13751.29,13751.29,13751.29,0.00300023,1
1604216700,13773.86,13773.86,13773.86,13773.86,0.0033901,1
1604223300,13741.8,13741.8,13740.8,13740.8,0.25,5
1604224200,13726.54,13726.54,13726.54,13726.54,0.03984154,2
1604225700,13710.57,13710.57,13710.57,13710.57,0.015,2
1604226300,13720.0,13720.0,13720.0,13720.0,0.0275,2
1604226600,13720.0,13720.0,13720.0,13720.0,0.6725,1
1604227500,13737.42,13737.42,13731.75,13731.75,0.41,5
1604228400,13754.49,13757.8,13754.49,13757.8,0.14126054,3
1604229300,13780.0,13780.0,13780.0,13780.0,0.03344859,1
1604230800,13689.46,13689.46,13689.46,13689.46,0.0033901,1
1604232600,13692.35,13692.35,13692.35,13692.35,0.00382939,1
1604232900,13723.21,13723.21,13723.21,13723.21,0.0154,2
1604233500,13730.75,13730.75,13714.44,13714.44,2.01,15
1604234400,13731.94,13731.97,13728.37,13728.37,0.53760566,7
1604234700,13721.41,13721.51,13721.41,13721.51,0.80116533,4
1604235900,13773.86,13773.86,13773.86,13773.86,0.0033901,1
1604239200,13814.71,13814.71,13814.71,13814.71,0.00338008,2
1604240100,13847.46,13847.5,13847.46,13847.5,0.67854196,3
1604244000,13855.68,13855.68,13855.68,13855.68,0.02641814,2
1604246400,13806.45,13806.45,13806.45,13806.45,0.01736681,1
1604247300,13817.8,13817.8,13817.8,13817.8,0.00592536,1
1604248800,13797.42,13797.42,13797.42,13797.42,0.0114162,1
1604249400,13816.16,13816.16,13805.42,13805.42,0.04823983,2
1604250900,13782.51,13782.51,13782.51,13782.51,0.00401326,2
1604253300,13827.61,13827.61,13827.61,13827.61,0.03884211,1
1604264400,13833.09,13833.09,13833.08,13833.08,0.072,3
1604266800,13825.02,13825.02,13825.02,13825.02,0.00143222,1
1604269800,13787.2,13800.1,13787.2,13800.1,0.22302842,5
1604270100,13770.78,13770.78,13770.78,13770.78,0.00337008,1
1604270700,13730.06,13730.06,13689.46,13689.46,0.00677018,2
1604271300,13701.5,13701.5,13701.5,13701.5,0.08276502,2
1604271600,13692.99,13692.99,13673.6,13673.6,0.0613796,2
1604271900,13673.6,13673.6,13673.6,13673.6,0.03581028,1
1604273100,13714.35,13714.35,13714.35,13714.35,0.01267064,1
1604275200,13773.86,13773.86,13773.86,13773.86,0.0033901,2
1604275500,13814.71,13832.21,13814.71,13832.21,0.03943385,2
1604277900,13832.0,13832.0,13832.0,13832.0,0.04197336,1
1604278200,13832.0,13832.0,13832.0,13832.0,0.3438002,2
1604279400,13787.82,13787.82,13787.4,13787.4,1,8
1604282400,13773.0,13773.0,13773.0,13773.0,0.01524926,3
1604282700,13750.0,13750.0,13730.06,13730.06,0.01338008,2
1604283000,13689.46,13689.46,13678.17,13678.17,0.0451901,3
1604283300,13692.39,13692.39,13692.3,13692.3,0.29901585,11
1604285100,13723.5,13723.5,13723.5,13723.5,0.17709943,6
1604295300,13701.75,13712.99,13701.73,13712.99,0.4237509,8
1604298600,13740.45,13740.45,13740.45,13740.45,0.001,1
1604298900,13740.45,13740.45,13737.31,13737.31,0.06923418,3
1604302500,13740.13,13740.13,13734.9,13734.9,0.655,6
1604303100,13756.91,13756.91,13756.91,13756.91,0.00363453,1
1604305500,13699.0,13699.0,13699.0,13699.0,0.01,1
1604305800,13654.18,13654.18,13648.97,13649.11,2.02830473,14
1604306100,13608.61,13608.61,13568.37,13574.56,0.10039911,7
1604306400,13528.25,13549.6,13528.25,13549.6,0.66907202,3
1604307300,13488.25,13488.25,13471.8,13471.8,0.15699468,6
1604307600,13461.5,13491.26,13408.4,13491.26,3.05806707,17
1604308800,13507.39,13507.4,13507.39,13507.4,0.2,3
1604309700,13531.28,13531.28,13531.28,13531.28,0.00345088,1
1604310900,13565.07,13578.9,13565.07,13578.9,0.0661739,3
1604311800,13525.64,13525.64,13525.46,13525.46,0.67854,6
1604314200,13525.0,13525.0,13525.0,13525.0,1.5,5
1604314800,13515.04,13515.04,13515.04,13515.04,0.00250105,1
1604315400,13488.25,13488.25,13488.25,13488.25,0.00344067,1
1604315700,13485.84,13485.85,13485.84,13485.85,0.088,2
1604316000,13448.36,13448.36,13436.55,13445.53,1.79853148,8
1604316300,13408.59,13408.59,13400.0,13400.0,0.14273377,4
1604316600,13450.0,13450.0,13450.0,13450.0,0.00844627,1
1604316900,13455.19,13455.19,13448.7,13448.7,0.01009617,2
1604317800,13431.36,13431.36,13431.35,13431.35,0.02799643,2
1604318100,13431.35,13431.35,13398.4,13398.4,0.40868687,6
1604319000,13368.94,13368.94,13368.94,13368.94,0.00347138,1
1604319300,13396.41,13396.41,13396.4,13396.4,0.11,2
1604319600,13426.29,13426.29,13426.29,13426.29,0.005,1
1604320800,13329.41,13329.41,13290.0,13290.0,0.30809339,3
1604321100,13250.7,13293.2,13250.0,13293.2,0.98700236,9
1604321700,13332.4,13332.4,13332.4,13332.4,0.00350236,1
1604322600,13337.11,13368.3,13337.11,13368.3,0.082,3
1604322900,13352.92,13352.92,13352.92,13352.92,0.00856,1
1604323500,13371.94,13371.94,13371.94,13371.94,0.003492,1
1604324100,13411.59,13411.59,13411.59,13411.59,0.00348168,1
1604325000,13424.69,13424.69,13424.69,13424.69,0.00361438,1
1604325300,13435.48,13435.55,13435.48,13435.55,0.25436609,3
1604326500,13382.03,13384.48,13382.03,13384.48,0.18681433,4
1604327400,13451.37,13451.37,13451.37,13451.37,0.00347138,1
1604327700,13488.87,13488.87,13488.87,13488.87,0.0232,1
1604328300,13491.26,13491.26,13491.26,13491.26,0.00346112,1
1604328900,13491.58,13495.59,13491.58,13495.59,0.00887826,2
1604331300,13515.51,13529.8,13510.8,13510.8,1.116,7
1604331900,13531.28,13540.0,13531.28,13540.0,0.31832086,5
1604333700,13515.02,13542.02,13515.02,13542.02,0.0566627,2
1604336700,13517.9,13517.9,13517.9,13517.9,0.00531199,1
1604338500,13518.47,13518.48,13518.47,13518.48,0.00185222,2
1604338800,13518.48,13518.51,13518.48,13518.51,0.3689042,2
1604340000,13515.0,13515.0,13515.0,13515.0,0.00197244,1
1604340900,13528.0,13528.0,13528.0,13528.0,0.05013268,3
1604341200,13528.0,13528.0,13528.0,13528.0,0.16155814,1
1604342400,13480.66,13480.66,13480.66,13480.66,0.046,1
1604343900,13481.09,13486.38,13481.09,13486.38,0.08553434,2
1604344800,13534.8,13558.25,13534.8,13558.25,0.54826822,7
1604345100,13541.12,13541.12,13541.12,13541.12,0.0022391,1
1604345400,13548.63,13548.64,13548.63,13548.64,0.36808375,2
1604346300,13531.0,13531.01,13531.0,13531.01,0.13,6
1604347500,13571.41,13571.41,13571.41,13571.41,0.00344067,1
1604348100,13600.0,13624.2,13600.0,13624.2,0.4084305,3
1604348400,13652.03,13652.03,13652.03,13652.03,0.00342036,1
1604349300,13678.95,13678.95,13676.69,13676.7,0.65713,7
1604350800,13672.67,13672.67,13666.19,13666.19,0.065,2
1604352600,13628.45,13628.46,13628.45,13628.46,0.22376494,2
1604353200,13647.89,13648.64,13647.89,13648.64,0.44,3
1604353800,13652.33,13657.4,13652.33,13657.4,0.93508453,3
1604358600,13601.02,13601.02,13596.59,13596.59,0.0720711,2
1604359500,13600.0,13600.0,13600.0,13600.0,0.00295238,1
1604359800,13600.0,13600.0,13600.0,13600.0,0.07704844,1
1604361300,13568.78,13568.78,13563.9,13563.9,1.15925183,10
1604361600,13572.51,13590.3,13572.51,13590.3,0.04814264,2
1604361900,13528.25,13528.25,13528.25,13528.25,0.0034305,1
1604362800,13500.0,13500.0,13491.59,13491.59,0.21144,2
1604363100,13489.95,13489.95,13488.25,13488.25,0.00475105,2
1604363700,13515.51,13515.51,13515.51,13515.51,0.00729247,1
1604364000,13513.11,13513.11,13513.11,13513.11,0.017,1
1604368500,13571.41,13571.41,13571.41,13571.41,0.00344067,1
1604368800,13602.64,13629.92,13602.64,13629.0,1.89012964,46
1604370600,13602.73,13602.73,13602.73,13602.73,0.04675931,1
1604370900,13528.25,13528.25,13528.25,13528.25,0.0034305,1
1604371500,13488.25,13488.25,13488.25,13488.25,0.00344067,1
1604372100,13448.36,13448.36,13432.32,13432.32,0.01075088,2
1604372700,13464.53,13464.53,13460.1,13460.1,0.31832,2
1604373000,13408.59,13408.59,13368.76,13368.76,0.0479327,7
1604373900,13433.67,13433.67,13399.07,13399.4,0.08257532,4
1604374500,13421.11,13430.0,13421.11,13430.0,0.50322585,6
1604376600,13377.74,13377.74,13377.74,13377.74,0.00431586,1
1604377500,13362.11,13362.11,13362.11,13362.11,0.0074,1
1604379900,13451.37,13451.37,13451.37,13451.37,0.00347138,1
1604382300,13390.78,13390.78,13390.77,13390.77,0.025,2
1604383200,13368.94,13368.94,13329.41,13329.41,0.00695306,2
1604383800,13356.09,13356.09,13356.09,13356.09,0.00746258,1
1604384100,13411.59,13432.02,13411.59,13432.02,0.1861793,5
1604384400,13416.81,13442.01,13416.81,13439.5,0.07413103,5
1604389200,13435.0,13435.0,13435.0,13435.0,0.01768487,1
1604389800,13435.0,13435.0,13435.0,13435.0,1.01350418,2
1604390400,13435.0,13435.0,13435.0,13435.0,0.44403927,4
1604391000,13424.63,13491.26,13422.96,13491.26,2.51741878,13
1604391300,13531.28,13532.17,13531.28,13532.17,0.23496088,2
1604393100,13513.57,13513.57,13513.57,13513.57,0.009,2
1604394300,13513.71,13513.71,13513.71,13513.71,0.00216825,1
1604394900,13512.0,13512.0,13512.0,13512.0,0.99692468,2
1604396700,13571.41,13571.41,13571.41,13571.41,0.00344067,1
1604397000,13577.16,13577.16,13572.49,13572.49,0.1195,5
1604397900,13572.67,13572.67,13544.84,13544.84,1.83089472,14
1604401200,13531.49,13540.0,13531.49,13540.0,0.15949219,3
1604401500,13540.0,13540.0,13540.0,13540.0,0.01485014,3
1604401800,13540.0,13540.0,13540.0,13540.0,0.07190678,6
1604403600,13500.0,13500.0,13488.25,13488.25,0.01744067,2
1604406000,13543.12,13543.12,13543.12,13543.12,0.04418805,1
1604409900,13571.41,13654.08,13571.41,13654.08,1.59805647,13
1604410200,13653.64,13714.1,13653.64,13714.1,0.29188274,6
1604410500,13715.79,13715.79,13702.31,13702.31,0.17089966,4
1604410800,13714.0,13714.01,13714.0,13714.01,0.0365,3
1604411400,13697.58,13697.58,13697.58,13697.58,0.01715919,1
1604412900,13684.13,13705.18,13684.13,13705.18,0.06726962,3
1604413800,13709.09,13709.09,13709.09,13709.09,0.00145613,1
1604415000,13733.12,13733.12,13733.12,13733.12,0.00340016,1
1604415300,13763.64,13773.86,13761.13,13773.86,0.0180626,5
1604415600,13800.0,13800.0,13800.0,13800.0,0.79419806,5
1604415900,13772.25,13772.25,13772.25,13772.25,0.005,1
1604418300,13763.61,13763.97,13763.61,13763.97,0.14,3
1604418600,13741.64,13741.64,13735.78,13735.78,3.67753322,14
1604420400,13761.91,13762.09,13761.91,13762.09,0.1666056,4
1604421000,13742.85,13744.54,13742.85,13744.54,2.03191475,4
1604422800,13724.6,13724.6,13724.6,13724.6,0.00112718,3
1604426700,13773.4,13773.4,13773.4,13773.4,0.02544007,1
1604427000,13785.12,13785.13,13785.12,13785.13,0.2,3
1604427300,13788.99,13789.0,13788.99,13789.0,0.3,3
1604437500,13758.41,13758.41,13756.13,13756.13,1.09384572,5
1604439000,13775.6,13775.6,13775.6,13775.6,0.03893164,1
1604439600,13775.6,13775.6,13775.6,13775.6,0.02540138,1
1604440200,13764.37,13764.37,13764.37,13764.37,0.05919494,1
1604441100,13700.0,13700.0,13680.11,13680.11,0.07158798,3
1604442600,13773.86,13773.86,13773.86,13773.86,0.0033901,1
1604443200,13814.71,13814.71,13814.71,13814.71,0.00338008,1
1604443500,13842.55,13850.8,13842.55,13850.8,0.60650324,8
1604443800,13853.32,13853.33,13853.32,13853.33,0.14435221,2
1604444400,13855.67,13855.68,13855.67,13855.68,0.0065756,2
1604444700,13893.19,13924.0,13893.19,13905.3,0.56008694,9
1604445000,13919.15,13919.15,13909.23,13910.0,0.7146681,6
1604445300,13937.99,13980.0,13937.99,13980.0,1.21583294,5
1604445900,14020.78,14077.7,14020.78,14050.66,0.29108391,9
1604446800,14011.13,14011.13,13976.2,13976.2,0.00340237,2
1604448000,14029.4,14029.4,14020.89,14020.89,0.06870865,3
1604449200,13986.0,13986.0,13986.0,13986.0,0.0064584,1
1604450100,13986.0,13986.0,13986.0,13986.0,0.02240913,1
1604450400,13948.36,13948.36,13948.36,13948.36,0.12433351,3
1604450700,13948.36,13948.36,13934.45,13934.45,0.17804885,3
1604451300,13893.66,13893.66,13849.15,13849.15,0.06552303,4
1604451600,13847.08,13857.27,13847.08,13857.27,0.2149,3
1604451900,13811.62,13811.62,13770.78,13770.78,1.96378527,11
1604452200,13770.79,13782.87,13764.37,13782.87,0.16911976,8
1604452500,13781.52,13781.52,13781.52,13781.52,0.00576307,1
1604452800,13802.29,13810.51,13800.8,13810.51,0.05154017,3
1604453100,13810.0,13810.0,13777.04,13777.04,0.02861974,3
1604453400,13787.11,13793.9,13787.11,13793.9,0.01434926,2
1604453700,13783.53,13811.37,13783.53,13811.37,0.004302,3
1604454300,13771.66,13771.66,13767.95,13767.95,0.2601469,6
1604454600,13837.03,13837.03,13837.03,13837.03,0.01929663,2
1604455800,13805.21,13855.68,13796.4,13855.68,0.24224331,5
1604456100,13856.64,13856.65,13854.79,13854.79,0.13351881,4
1604457300,13770.78,13770.78,13770.78,13770.78,0.00337008,1
1604457600,13751.89,13751.89,13709.4,13709.4,0.21908792,6
1604457900,13719.03,13719.03,13719.02,13719.02,0.33651,2
1604458500,13746.32,13746.32,13746.32,13746.32,0.00757341,1
1604459100,13814.71,13814.71,13814.71,13814.71,0.00338008,1
1604459400,13846.06,13893.19,13846.06,13889.99,0.16857053,5
1604459700,13896.77,13937.99,13896.77,13930.0,0.39859766,5
1604464800,13898.66,13898.69,13898.66,13898.69,0.35125246,5
1604468700,13858.43,13858.43,13852.58,13852.58,0.0394293,2
1604469000,13811.62,13811.62,13811.62,13811.62,0.00336012,1
1604469300,13818.0,13818.0,13818.0,13818.0,0.0033,1
1604469900,13770.78,13770.78,13764.37,13764.37,0.01154747,2
1604471100,13790.12,13790.12,13785.89,13785.89,0.162974,4
1604471400,13800.71,13800.71,13800.71,13800.71,0.00377395,1
1604475600,13784.56,13784.56,13764.37,13764.37,0.05257665,2
1604475900,13730.06,13730.06,13596.37,13596.37,0.31028381,11
1604476200,13594.79,13602.22,13594.79,13602.22,0.2,4
1604476500,13570.0,13570.0,13568.37,13568.37,1.03075353,4
1604478300,13611.4,13652.03,13609.1,13652.03,0.80768036,9
1604479500,13666.44,13666.46,13666.44,13666.46,0.2890767,4
1604481900,13692.51,13703.4,13692.51,13703.4,0.11143024,2
1604482800,13688.78,13688.8,13688.78,13688.8,0.09768936,3
1604484300,13622.6,13622.6,13622.5,13622.5,0.36427519,3
1604484900,13723.62,13733.12,13723.62,13733.12,0.06332653,3
1604485800,13733.12,13733.12,13733.12,13733.12,0.8118578,3
1604486100,13686.41,13686.41,13686.41,13686.41,0.07,2
1604487600,13688.58,13688.58,13688.4,13688.4,0.62685,7
1604488200,13677.98,13677.98,13677.98,13677.98,0.0159,1
1604489400,13706.59,13726.87,13706.59,13726.87,0.0454564,3
1604492100,13773.86,13773.86,13773.86,13773.86,0.0033901,1
1604492700,13808.14,13808.14,13808.14,13808.14,0.05955954,1
1604493000,13814.71,13814.71,13814.71,13814.71,0.00338008,1
1604493300,13815.31,13815.31,13815.31,13815.31,0.28287,2
1604494500,13840.19,13840.2,13840.19,13840.2,0.05,2
1604496300,13855.68,13865.79,13820.77,13841.89,4.10283588,17
1604499900,13770.78,13770.78,13770.78,13770.78,0.00337008,1
1604501100,13773.82,13773.82,13773.81,13773.81,0.17643285,3
1604501400,13785.61,13785.61,13785.6,13785.6,0.2317,4
1604502000,13855.68,13855.68,13855.68,13855.68,0.00337008,1
1604502600,13889.66,13889.66,13877.2,13877.2,0.00780671,2
1604502900,13886.73,13886.73,13886.73,13886.73,0.02142,1
1604503200,13877.11,13921.21,13877.1,13921.21,0.65633325,11
1604505600,13913.39,13937.99,13913.39,13934.8,1.02432512,5
1604506200,13955.99,13978.76,13955.99,13978.76,0.18147838,3
1604506500,13978.76,14028.46,13978.76,14028.46,1.83082915,7
1604506800,14057.69,14058.4,14057.69,14058.4,0.35,4
1604507100,14001.61,14001.61,14001.58,14001.58,0.35,6
1604508000,14001.96,14025.8,14001.96,14025.8,0.44498606,8
1604508300,14002.68,14002.68,14002.68,14002.68,0.0128798,2
1604508600,14015.25,14022.41,14015.25,14022.41,0.22735789,2
1604509200,14058.4,14187.86,14058.4,14187.86,2.55775967,27
1604509500,14197.18,14215.9,14135.85,14135.85,0.27075197,11
1604509800,14151.43,14151.43,14151.43,14151.43,0.15,2
1604510400,14192.08,14192.08,14186.33,14186.33,0.05430794,3
1604510700,14229.94,14238.66,14229.94,14238.66,0.0627139,2
1604511000,14250.61,14250.66,14211.81,14211.81,0.70206927,6
1604511300,14214.45,14223.2,14214.45,14223.2,0.4146987,4
1604511900,14158.85,14158.85,14158.84,14158.84,0.24909,3
1604512200,14142.74,14142.74,14142.74,14142.74,0.00328145,1
1604512500,14106.64,14108.72,14100.92,14108.72,0.07869793,3
1604513100,14113.79,14113.79,14113.79,14113.79,0.018,2
1604513400,14074.5,14074.5,14059.22,14059.22,0.10330094,2
1604514900,14130.51,14130.51,14130.51,14130.51,0.039,1
1604516100,14112.76,14112.76,14112.76,14112.76,0.00889464,1
1604517300,14116.04,14121.26,14116.04,14121.26,1.168,6
1604518200,14124.2,14124.2,14124.2,14124.2,0.07129,2
1604518500,14110.35,14110.43,14110.34,14110.43,0.07388306,3
1604518800,14110.58,14110.58,14088.48,14093.47,2.56378417,14
1604520000,14145.9,14162.05,14145.9,14162.05,0.0053962,2
1604520900,14059.22,14059.22,13976.2,13976.2,0.09247316,5
1604521200,13970.13,13970.13,13970.12,13970.12,0.0669535,4
1604521800,14025.15,14025.15,14008.93,14009.03,0.16014212,5
1604522100,14029.51,14029.51,14029.51,14029.51,0.00215391,1
1604525700,14062.37,14062.37,14062.37,14062.37,0.00332055,1
1604526000,14060.95,14060.95,14060.95,14060.95,0.00139583,1
1604528400,14066.08,14104.08,14066.08,14104.08,1.7886543,13
1604528700,14145.9,14189.04,14145.9,14189.04,0.67919457,10
1604529000,14173.59,14173.59,14173.59,14173.59,0.15,1
1604529300,14214.05,14229.94,14190.63,14190.63,0.30468145,4
1604529600,14173.02,14173.02,14173.02,14173.02,0.00255666,1
1604529900,14142.8,14156.7,14142.74,14142.74,0.79414695,5
1604530500,14149.99,14149.99,14149.99,14149.99,0.00160769,1
1604530800,14150.0,14150.0,14150.0,14150.0,0.19,4
1604531100,14140.0,14140.0,14140.0,14140.0,0.02355021,1
1604531700,14132.91,14132.91,14132.91,14132.91,0.80659326,1
1604532900,14100.92,14100.92,14100.92,14100.92,0.00329118,1
1604533200,14096.21,14096.21,14096.21,14096.21,0.036,2
1604533500,14112.94,14128.59,14112.94,14128.59,0.0684655,4
1604533800,14127.22,14127.22,14127.22,14127.22,0.03,1
1604534400,14170.86,14187.86,14170.86,14187.86,0.00429118,2
1604535000,14200.68,14200.88,14200.68,14200.88,0.29873554,4
1604535300,14160.16,14160.16,14160.16,14160.16,0.0041,2
1604536500,14160.0,14160.0,14160.0,14160.0,0.05993236,1
1604537400,14113.82,14113.82,14113.82,14113.82,0.003751,2
1604540400,14203.09,14203.12,14203.09,14203.12,0.15,4
1604542800,14229.94,14314.47,14229.94,14314.47,0.1047421,5
1604543100,14226.76,14226.76,13936.5,14183.42,24.60871036,64
1604543400,14229.93,14234.4,14229.93,14234.4,0.03200547,3
1604544000,14238.66,14272.15,14238.66,14272.15,0.06103043,3
1604544600,14270.0,14270.0,14269.2,14269.2,0.62513,5
1604545200,14270.9,14289.5,14270.9,14289.5,0.77155095,9
1604545500,14258.87,14258.87,14258.87,14258.87,0.00207866,1
1604545800,14304.03,14308.17,14304.03,14308.17,0.29700052,5
1604546100,14301.27,14301.27,14301.27,14301.27,0.0014,1
1604547000,14314.47,14326.36,14314.47,14326.36,0.06240455,2
1604548200,14350.0,14356.91,14350.0,14356.91,0.04325243,2
1604548800,14311.25,14311.25,14311.25,14311.25,0.00324281,1
1604556600,14369.6,14369.6,14369.6,14369.6,0.1,1
1604560200,14380.0,14399.49,14380.0,14399.49,0.50324281,8
1604561100,14414.61,14486.5,14414.61,14486.5,1.35914248,8
1604562000,14503.39,14503.39,14503.39,14503.39,0.05914248,2
1604563500,14504.35,14504.35,14504.35,14504.35,0.08367592,1
1604563800,14505.82,14505.82,14505.82,14505.82,0.05423197,3
1604564100,14475.76,14475.77,14440.17,14440.17,2.09866143,17
1604565000,14478.47,14478.5,14478.47,14478.5,0.36535722,4
1604565300,14438.92,14438.92,14396.24,14396.24,0.00643781,2
1604566500,14427.9,14427.9,14427.9,14427.9,0.08,1
1604566800,14429.42,14429.42,14429.42,14429.42,0.00303821,1
1604567700,14401.0,14401.0,14400.0,14400.0,0.49025,2
1604568600,14485.0,14508.44,14485.0,14508.44,0.01014259,3
1604570400,14513.51,14513.51,14513.51,14513.51,0.00842551,1
1604570700,14514.57,14527.94,14514.57,14527.94,0.00478863,2
1604571000,14521.7,14521.7,14521.7,14521.7,0.1,2
1604572200,14510.09,14510.1,14510.09,14510.1,0.20587566,2
1604572500,14510.61,14510.61,14510.61,14510.61,0.08387,4
1604573100,14575.0,14575.0,14575.0,14575.0,0.06906711,2
1604573400,14575.0,14592.72,14575.0,14592.72,0.19007537,8
1604573700,14610.99,14619.45,14610.99,14619.44,0.3079,4
1604574000,14663.82,14663.82,14663.82,14663.82,0.03,1
1604574300,14634.61,14634.61,14634.61,14634.61,0.00353926,1
1604574600,14610.92,14610.92,14608.65,14608.65,0.03211282,2
1604574900,14611.27,14611.3,14611.27,14611.27,0.78904348,7
1604575200,14575.53,14575.53,14567.73,14567.73,0.08557536,4
1604575800,14608.63,14644.17,14608.63,14644.17,0.07174356,2
1604576100,14612.32,14612.32,14612.31,14612.31,0.02589614,2
1604576700,14657.55,14657.55,14657.55,14657.55,0.00318572,1
1604577000,14682.6,14701.0,14682.6,14701.0,0.96431878,15
1604577300,14727.88,14727.88,14727.88,14727.88,0.02814504,2
1604577900,14697.69,14697.69,14697.69,14697.69,0.00315755,1
1604578200,14682.9,14682.9,14654.24,14664.58,0.12008528,5
1604579100,14773.04,14784.76,14773.04,14784.76,0.07825442,3
1604579700,14800.0,14800.0,14800.0,14800.0,0.0098,1
1604580000,14838.08,14864.02,14838.08,14864.02,0.07794508,3
1604580300,14873.1,14903.9,14873.1,14903.9,1.3224,7
1604580900,14925.0,14925.0,14925.0,14925.0,0.0340871,1
1604581800,14949.99,14950.0,14949.99,14950.0,0.53925274,2
1604582100,14937.1,14937.11,14900.0,14900.0,0.83041271,9
1604582400,14950.0,14955.58,14950.0,14955.58,0.56539819,14
1604583000,14906.34,14906.34,14892.61,14900.0,0.49599334,10
1604583300,14900.0,14903.5,14900.0,14901.16,0.38563468,13
1604583900,14836.6,14845.6,14799.08,14799.08,2.52658405,10
1604584200,14794.8,14794.8,14794.8,14794.8,0.11489,2
1604584500,14845.05,14859.52,14845.05,14850.5,0.16835925,5
1604585700,14899.66,14913.74,14899.66,14913.74,0.42321465,9
1604586000,14935.09,14935.09,14926.52,14926.52,0.15201948,4
1604586300,14924.56,14924.56,14881.85,14881.85,0.07223277,4
1604586900,14830.06,14863.88,14763.76,14863.88,3.2758365,21
1604589300,14955.58,14955.58,14955.58,14955.58,0.05498994,2
1604589900,14938.44,14958.05,14928.07,14928.07,2.77358279,14
1604590800,14973.41,14973.42,14958.81,14958.81,0.0550092,4
1604591100,14974.75,15000.0,14974.75,15000.0,1.09432491,7
1604591400,15004.89,15047.7,15004.89,15047.7,0.16312877,10
1604591700,15099.99,15100.0,15099.7,15099.7,1.05353927,13
1604592000,15140.37,15278.61,15133.66,15278.61,0.54701606,19
1604592300,15247.34,15267.82,15196.35,15231.1,1.41782308,21
1604592600,15222.4,15222.4,15222.4,15222.4,0.00925,2
1604592900,15275.47,15275.47,15265.47,15265.53,0.2296122,8
1604593200,15192.0,15192.0,15192.0,15192.0,0.05632881,1
1604593500,15242.12,15242.12,15242.12,15242.12,0.0054,2
1604593800,15250.61,15270.8,15246.63,15246.63,0.7666465,8
1604594400,15214.77,15214.77,15169.81,15169.82,1.85084858,16
1604594700,15187.99,15203.83,15187.99,15203.82,2.4432,19
1604595000,15220.76,15220.76,15220.76,15220.76,0.0345,1
1604595900,15200.0,15200.0,15200.0,15200.0,0.00833803,1
1604596200,15200.01,15200.01,15200.0,15200.0,0.14713557,2
1604597400,15092.37,15092.37,14823.46,14908.17,3.15433474,40
1604597700,14898.68,15033.6,14877.55,15033.6,0.76958539,11
1604598000,15006.67,15090.47,15006.66,15090.47,0.54524232,8
1604598300,15140.37,15140.37,15140.37,15140.37,0.05431877,1
1604599500,14999.99,14999.99,14977.27,14977.27,0.09331877,5
1604601000,14921.74,14921.74,14921.74,14921.74,0.00353927,1
1604601600,14911.18,14911.18,14908.17,14908.17,0.07812564,3
1604602500,14941.89,14942.0,14941.89,14942.0,0.17127405,5
1604603700,15047.7,15047.7,15047.7,15047.7,0.05465332,1
1604605500,15083.44,15083.45,15083.44,15083.45,0.01353724,2
1604606100,15112.96,15112.97,15108.28,15108.28,0.05137301,5
1604606400,15140.37,15150.0,15140.37,15150.0,1.05431877,5
1604607300,15102.91,15102.91,15102.91,15102.91,0.078,1
1604608500,15067.44,15067.47,15067.44,15067.47,0.043,2
1604609700,15107.99,15107.99,15107.99,15107.99,0.00107608,1
1604610000,15127.67,15131.5,15127.67,15131.5,0.11523224,4
1604610300,15104.61,15104.61,15104.61,15104.61,0.07238274,2
1604610900,15145.54,15146.44,15145.54,15146.44,0.60278669,5
1604611500,15200.0,15207.13,15199.21,15199.21,1.0066,3
1604611800,15217.57,15217.57,15217.57,15217.57,0.00162491,1
1604612400,15213.8,15214.3,15213.8,15214.3,0.25980065,5
1604612700,15233.62,15233.62,15233.62,15233.62,0.05398629,1
1604614200,15256.84,15256.84,15256.84,15256.84,0.03577159,1
1604614500,15274.03,15274.03,15274.03,15274.03,0.15989632,1
1604614800,15310.88,15520.5,15310.88,15451.55,2.48697406,19
1604615100,15374.29,15374.29,15374.29,15374.29,0.01915206,1
1604615400,15432.14,15474.34,15432.14,15474.34,0.5176584,9
1604616000,15406.85,15406.86,15406.85,15406.86,0.06462,2
1604616300,15426.91,15426.91,15366.59,15366.59,4,22
1604616600,15455.29,15491.16,15455.29,15491.16,0.78495344,4
1604616900,15515.36,15557.55,15515.36,15557.55,0.08762828,7
1604617800,15689.88,15689.88,15689.88,15689.88,0.00353927,1
1604618100,15691.66,15691.66,15658.7,15666.8,3.13817302,14
1604618400,15626.56,15648.35,15626.56,15648.35,0.07777878,4
1604619000,15654.88,15654.88,15654.8,15654.8,0.8,4
1604619300,15657.61,15657.61,15562.86,15562.86,0.28239422,7
1604619600,15593.98,15616.5,15593.98,15616.5,0.12958463,5
1604619900,15532.32,15532.32,15532.32,15532.32,0.02301569,2
1604620200,15542.88,15542.9,15542.74,15542.9,0.2,4
1604620800,15652.68,15652.68,15652.68,15652.68,0.001,1
1604621100,15467.6,15493.05,15467.6,15493.05,0.05897663,2
1604621400,15492.0,15567.64,15492.0,15567.64,0.44988974,5
1604622300,15612.36,15708.51,15612.36,15708.51,0.10503083,4
1604622600,15690.3,15690.3,15690.29,15690.29,0.4059,2
1604622900,15805.24,15855.6,15791.2,15855.6,0.43415888,7
1604623200,15874.6,15946.26,15874.6,15946.26,1.65084428,25
1604623500,15941.56,15950.19,15937.4,15946.51,2.72453572,18
1604624100,15910.4,15910.4,15868.42,15873.72,3.259,15
1604624400,15852.16,15852.16,15800.0,15800.0,0.15139874,4
1604624700,15880.35,15920.0,15880.35,15920.0,0.02331387,7
1604625000,15950.71,15950.71,15946.01,15946.01,0.02488291,2
1604625300,15937.78,15937.78,15937.78,15937.78,0.0032169,1
1604626200,15877.54,15877.56,15877.54,15877.56,0.0276,3
1604626800,15900.8,15900.8,15875.26,15875.26,0.5032169,3
1604627100,15874.62,15878.56,15874.62,15878.56,0.394623,2
1604628000,15755.13,15880.36,15744.93,15880.36,0.42091529,7
1604628300,15871.21,15871.21,15871.21,15871.21,0.01,1
1604629200,15856.48,15865.85,15856.48,15865.85,3.75989596,10
1604629500,15774.41,15774.41,15774.41,15774.41,0.19068231,2
1604629800,15709.84,15709.84,15658.7,15658.7,0.06203376,4
1604630100,15647.7,15647.7,15599.02,15635.7,0.2064338,4
1604632200,15562.86,15562.86,15562.86,15562.86,0.0523542,2
1604632800,15555.61,15573.38,15551.8,15573.38,2.05827678,6
1604633400,15623.31,15623.31,15623.31,15623.31,0.36279892,3
1604633700,15628.0,15634.84,15628.0,15634.8,1.62045065,4
1604634000,15623.63,15628.0,15623.63,15628.0,0.2,3
1604634900,15467.6,15472.75,15461.98,15472.75,1.19482737,9
1604635200,15467.55,15467.55,15467.55,15467.55,0.06,1
1604636400,15540.17,15540.17,15540.17,15540.17,0.04256108,1
1604636700,15525.51,15536.49,15512.17,15522.9,1.27231884,12
1604638500,15566.73,15566.75,15566.73,15566.75,0.0059,2
1604639700,15538.48,15538.48,15519.47,15519.47,0.1179,3
1604640300,15612.36,15628.0,15612.36,15628.0,0.15267663,4
1604640600,15665.0,15667.0,15665.0,15667.0,0.2,3
1604640900,15700.0,15708.51,15700.0,15708.51,0.1523542,2
1604641200,15726.29,15730.9,15726.29,15730.9,1,7
1604643300,15683.88,15683.88,15683.88,15683.88,0.15306378,3
1604644800,15745.0,15745.0,15745.0,15745.0,0.07735345,1
1604645100,15745.0,15745.0,15745.0,15745.0,0.05212453,8
1604645400,15745.0,15779.05,15745.0,15779.05,0.92052202,9
1604645700,15740.65,15740.65,15709.67,15709.67,0.11,5
1604647200,15757.38,15782.07,15748.2,15782.07,5.34407179,21
1604647500,15805.0,15815.6,15805.0,15815.6,0.13303376,3
1604647800,15806.05,15806.4,15806.05,15806.4,0.44171174,4
1604648700,15752.77,15752.77,15752.77,15752.77,0.01002,2
1604649600,15744.96,15744.96,15744.96,15744.96,0.0032169,1
1604649900,15710.72,15714.24,15710.72,15714.24,0.31737336,4
1604650500,15729.36,15729.36,15728.4,15728.4,0.07,4
1604652000,15658.7,15658.7,15562.86,15562.86,0.23530161,5
1604652300,15588.62,15588.62,15588.62,15588.62,0.23962867,10
1604652600,15588.62,15588.62,15505.6,15505.6,1.3641748,20
1604653500,15514.94,15514.94,15467.6,15467.6,0.21187218,4
1604653800,15454.38,15454.38,15454.38,15454.38,0.5,5
1604654100,15412.0,15412.0,15333.49,15333.49,0.71400734,14
1604654400,15332.0,15339.26,15314.58,15339.26,0.33957975,5
1604654700,15388.05,15388.05,15357.6,15366.2,0.27861202,3
1604655000,15355.93,15390.45,15355.93,15390.45,0.015,3
1604655300,15390.44,15390.45,15375.19,15390.45,0.21565591,11
1604655600,15437.61,15437.61,15437.61,15437.61,0.005,2
1604656200,15459.0,15459.0,15459.0,15459.0,0.001,1
1604656500,15452.68,15452.69,15452.68,15452.69,0.129,2
1604657100,15485.69,15485.69,15485.69,15485.69,0.04,1
1604657400,15516.81,15581.48,15516.81,15581.48,0.49705102,9
1604657700,15588.7,15588.71,15584.36,15584.37,0.185,5
1604658000,15600.76,15612.36,15600.76,15612.36,0.05367663,2
1604658300,15639.43,15663.72,15612.47,15650.0,0.6075288,8
1604658600,15678.85,15678.94,15678.85,15678.94,0.33441385,4
1604658900,15611.5,15628.81,15611.5,15628.8,0.06293166,3
1604659500,15611.45,15611.45,15611.44,15611.44,0.20186699,2
1604660100,15591.0,15591.0,15591.0,15591.0,0.01637258,1
1604661000,15563.72,15563.72,15563.72,15563.72,0.00123033,1
1604661600,15511.97,15511.97,15467.6,15467.6,0.04066724,4
1604661900,15467.6,15467.6,15467.6,15467.6,0.02051748,1
1604662500,15520.25,15520.25,15520.25,15520.25,0.08259195,2
1604662800,15520.25,15525.12,15520.25,15525.12,0.03222907,3
1604663100,15538.86,15538.87,15538.86,15538.86,1.77480064,10
1604663400,15509.15,15509.17,15509.15,15509.17,0.0028899,2
1604664000,15571.8,15571.8,15545.5,15545.5,0.03499,4
1604664300,15482.7,15482.7,15453.71,15453.71,0.00774724,2
1604666100,15488.9,15488.9,15488.9,15488.9,0.00765679,1
1604667000,15480.14,15480.14,15480.14,15480.14,0.00759922,1
1604668500,15497.7,15497.7,15497.7,15497.7,0.0732788,3
1604669400,15537.3,15537.3,15537.3,15537.3,0.00201963,1
1604670000,15554.8,15612.36,15554.8,15612.36,0.05653663,2
1604670300,15708.41,15708.51,15698.79,15698.8,0.51024,5
1604670600,15695.32,15695.32,15695.32,15695.32,0.06,1
1604670900,15671.28,15671.28,15671.28,15671.28,0.0032169,1
1604671800,15655.65,15655.65,15655.65,15655.65,0.00648637,1
1604672400,15562.86,15562.86,15500.99,15500.99,0.08394284,2
1604673300,15491.21,15491.21,15467.6,15467.6,1.61359499,24
1604673600,15462.14,15462.14,15462.14,15462.14,0.039,1
1604673900,15454.77,15476.5,15454.77,15476.5,0.01787321,3
1604674500,15450.0,15450.0,15398.48,15398.48,0.69963869,10
1604675100,15420.66,15420.66,15420.0,15420.0,0.10423385,4
1604676000,15515.87,15515.9,15515.87,15515.9,0.08883726,4
1604676300,15502.59,15502.59,15497.8,15497.8,1.0676,8
1604678400,15472.39,15495.9,15472.39,15495.9,0.08139327,2
1604681100,15515.69,15515.69,15515.69,15515.69,0.02,1
1604682000,15499.0,15499.0,15499.0,15499.0,0.00386581,1
1604682600,15542.48,15542.48,15542.47,15542.47,0.02793832,2
1604683500,15518.02,15518.02,15518.02,15518.02,0.26071848,1
1604683800,15516.51,15516.51,15516.51,15516.51,0.00193342,1
1604684100,15500.0,15500.0,15500.0,15500.0,0.00159503,1
1604684400,15500.0,15500.0,15500.0,15500.0,0.00340497,1
1604684700,15500.0,15500.0,15500.0,15500.0,0.002,1
1604685000,15489.78,15489.78,15489.78,15489.78,0.01,1
1604686200,15539.02,15549.79,15539.02,15549.79,0.02675965,3
1604686500,15547.99,15550.0,15547.99,15550.0,0.71642915,28
1604688000,15500.0,15500.0,15500.0,15500.0,0.21990912,1
1604688600,15455.99,15455.99,15455.99,15455.99,0.02,1
1604691900,15456.0,15456.0,15456.0,15456.0,0.03597,1
1604693400,15400.0,15400.0,15400.0,15400.0,0.01615779,2
1604693700,15372.93,15372.93,15250.0,15250.0,4.59425719,34
1604694000,15241.42,15298.7,15241.42,15298.7,0.56781359,8
1604694600,15325.2,15325.2,15325.2,15325.2,0.49061537,1
1604694900,15363.58,15363.58,15363.5,15363.5,0.95692415,6
1604695200,15398.14,15421.83,15398.14,15421.83,0.0725779,5
1604695800,15516.81,15516.81,15516.81,15516.81,0.05300102,1
1604696400,15496.68,15496.68,15496.68,15496.68,0.083,2
1604697300,15612.36,15612.36,15608.19,15608.2,0.60004663,4
1604697600,15592.89,15592.89,15587.38,15587.38,0.1,3
1604697900,15589.99,15599.12,15589.99,15599.12,0.3268103,7
1604698200,15581.79,15581.79,15548.65,15548.65,0.00461839,2
1604699700,15561.89,15562.01,15561.89,15562.01,0.375,5
1604700300,15555.52,15561.1,15555.52,15561.1,0.25,3
1604700900,15511.04,15511.04,15511.04,15511.04,0.05144831,4
1604702400,15534.55,15534.55,15534.54,15534.54,0.21746439,3
1604702700,15534.54,15534.54,15534.54,15534.54,0.00762214,3
1604703000,15600.0,15601.07,15600.0,15601.07,0.2,3
1604703300,15610.0,15610.0,15610.0,15610.0,0.1,4
1604703600,15610.0,15666.41,15610.0,15661.89,0.21779824,12
1604704200,15649.23,15649.23,15649.23,15649.23,0.00138892,1
1604707200,15610.28,15616.0,15610.28,15610.58,0.66969785,5
1604708400,15626.45,15650.0,15626.45,15650.0,0.12678971,3
1604709300,15674.88,15678.99,15674.88,15678.99,0.44878829,5
1604710200,15614.99,15620.65,15614.99,15620.65,0.16427285,5
1604710500,15600.01,15633.6,15600.0,15633.6,0.00828038,5
1604711100,15609.99,15628.59,15609.99,15628.59,0.00018109,2
1604711700,15647.34,15647.34,15647.34,15647.34,0.001,2
1604712300,15651.2,15651.2,15651.2,15651.2,0.001,1
1604712600,15700.0,15700.0,15700.0,15700.0,0.025,1
1604712900,15708.51,15742.22,15708.51,15742.22,0.0723542,2
1604713200,15751.86,15751.86,15751.86,15751.86,0.0048,1
1604713800,15754.91,15754.91,15754.91,15754.91,1,6
1604714100,15713.56,15713.56,15713.56,15713.56,0.10845,2
1604715000,15666.66,15666.69,15666.66,15666.69,0.19415605,3
1604716800,15600.0,15600.0,15544.3,15544.3,0.21249131,4
1604720700,15543.9,15543.9,15543.9,15543.9,0.15,1
1604722500,15626.49,15629.0,15626.49,15629.0,1,5
1604723700,15500.23,15500.23,15500.23,15500.23,0.01129652,1
1604724900,15518.94,15518.94,15518.93,15518.93,0.03225,2
1604729100,15550.04,15550.04,15550.04,15550.04,0.01,2
1604729700,15558.49,15558.5,15558.49,15558.5,0.1,2
1604730300,15512.73,15512.73,15512.7,15512.7,0.40223213,4
1604735400,15467.6,15467.6,15445.51,15445.51,0.05977092,2
1604735700,15474.05,15474.12,15474.05,15474.12,0.20494,6
1604736600,15472.39,15472.4,15472.39,15472.4,0.09513742,2
1604737800,15502.39,15502.4,15502.39,15502.4,0.12867775,2
1604740800,15501.89,15501.89,15501.89,15501.89,0.1032,2
1604741400,15485.54,15485.54,15485.49,15485.49,0.37558973,5
1604741700,15485.5,15504.29,15485.5,15504.29,0.5,4
1604742000,15483.14,15483.14,15479.29,15479.29,0.16839838,5
1604749200,15545.9,15545.9,15545.9,15545.9,0.00155046,1
1604751300,15539.61,15544.56,15539.61,15544.56,0.07515819,4
1604752500,15516.47,15516.47,15516.47,15516.47,0.21888341,3
1604755800,15456.41,15456.41,15417.31,15417.31,0.02436037,4
1604757000,15510.97,15521.69,15509.01,15521.69,0.09272138,4
1604758200,15454.14,15454.14,15454.14,15454.14,0.00231052,1
1604758500,15432.51,15432.51,15432.51,15432.51,0.0099,1
1604758800,15431.98,15431.98,15368.08,15368.08,0.61708467,15
1604759400,15410.41,15424.52,15410.41,15424.52,0.06997832,2
1604759700,15424.52,15424.52,15380.5,15380.5,0.47760131,6
1604760000,15350.0,15350.0,15350.0,15350.0,0.19245425,2
1604760600,15350.0,15350.0,15350.0,15350.0,0.81754575,4
1604760900,15329.08,15333.62,15329.08,15333.62,0.02292009,2
1604761200,15333.31,15333.31,15333.31,15333.31,0.04,3
1604761800,15278.84,15278.84,15278.84,15278.84,0.05332742,1
1604762100,15264.21,15264.21,15255.36,15255.36,0.84232,7
1604762400,15234.69,15234.69,15227.86,15227.86,0.01775909,2
1604763000,15377.8,15406.6,15377.8,15406.6,0.03997099,4
1604763300,15362.27,15362.27,15362.27,15362.27,0.01139142,2
1604765400,15337.19,15337.19,15337.16,15337.16,5.48287757,3
1604765700,15289.7,15289.7,15289.7,15289.7,0.0063798,1
1604766300,15227.86,15227.86,15185.32,15185.32,0.07028574,4
1604766900,15272.8,15299.54,15272.8,15299.54,0.00304599,3
1604767200,15299.56,15327.44,15299.56,15327.44,0.06316586,2
1604767500,15377.81,15377.81,15377.81,15377.81,0.0166299,1
1604767800,15400.19,15401.5,15383.54,15401.5,0.74536165,11
1604768400,15390.63,15390.63,15390.63,15390.63,0.02097,1
1604768700,15364.79,15364.79,15364.79,15364.79,0.02097,1
1604769600,15298.92,15298.92,15260.48,15260.48,0.10991,4
1604770500,15275.74,15275.74,15275.73,15275.73,0.0260332,2
1604771100,15290.09,15290.09,15290.09,15290.09,0.04285185,1
1604772000,15227.86,15227.86,15227.86,15227.86,0.0166299,3
1604772300,15306.18,15306.19,15306.18,15306.19,0.21997956,3
1604772600,15185.5,15185.5,15150.0,15150.0,5.52365584,23
1604773200,15140.09,15142.53,15140.09,15142.53,0.43221453,4
1604773500,15127.3,15135.23,15084.12,15135.23,3.79980741,20
1604774400,15091.23,15091.23,15027.6,15027.6,4.86173847,17
1604774700,15027.41,15027.41,14980.4,14983.3,1.34950531,10
1604775000,14986.0,14989.5,14899.34,14899.34,0.79871696,17
1604775300,14845.7,14913.27,14731.68,14913.27,29.81189523,129
1604775600,14934.91,15014.35,14759.79,14986.78,2.31457585,19
1604776200,14888.56,14914.8,14843.61,14843.61,1.73882,11
1604776500,14854.4,14854.4,14770.0,14770.0,0.15380948,8
1604776800,14779.1,14803.32,14779.1,14803.32,1.1710822,6
1604777100,14810.0,14925.05,14810.0,14925.05,0.43531277,7
1604777400,14750.4,14750.4,14622.5,14622.5,0.7149321,22
1604777700,14697.85,14697.85,14590.0,14590.0,1.32257043,23
1604778300,14688.91,14688.91,14682.85,14682.85,0.08440945,3
1604778600,14664.43,14664.44,14664.43,14664.43,0.09460472,3
1604778900,14667.99,14667.99,14636.59,14636.59,0.0660484,4
1604779200,14605.24,14605.24,14502.8,14524.29,0.76959941,17
1604779500,14510.43,14510.43,14441.77,14472.75,0.53424624,17
1604779800,14583.98,14592.72,14502.3,14542.28,0.65167227,12
1604780100,14590.64,14590.64,14590.64,14590.64,0.04429692,1
1604780400,14584.69,14684.82,14584.69,14678.8,3.11980301,19
1604780700,14737.69,14737.69,14737.69,14737.69,0.0623133,2
1604781000,14768.89,14768.89,14730.79,14730.79,0.08627555,2
1604781300,14773.04,14847.2,14773.04,14847.2,0.20635825,7
1604781600,14864.02,14864.02,14837.0,14837.0,0.04698761,2
1604782200,14864.02,14880.0,14864.02,14880.0,0.1064625,3
1604782500,14880.0,14918.11,14880.0,14916.48,27.17099767,67
1604782800,14916.48,14916.49,14912.14,14916.49,0.8036295,19
1604783100,14916.0,14916.49,14916.0,14916.49,1.29485118,4
1604783400,14916.49,14916.49,14870.0,14870.0,0.50477201,7
1604784000,14862.53,14862.53,14839.04,14856.49,0.09475271,7
1604784300,14837.18,14837.18,14837.18,14837.18,0.00856764,1
1604784600,14871.4,14876.6,14832.59,14854.86,1.01719745,6
1604785500,14820.18,14820.19,14820.18,14820.19,0.00895265,2
1604785800,14844.5,14844.5,14844.5,14844.5,0.00633291,1
1604786100,14844.5,14844.5,14826.59,14826.59,0.16557304,5
1604786700,14758.81,14758.81,14731.68,14731.68,0.09719002,3
1604787000,14726.2,14726.2,14726.2,14726.2,0.03271443,3
1604787900,14782.8,14782.8,14779.99,14780.0,5.20640368,18
1604788200,14812.5,14822.66,14812.5,14818.2,0.49675924,7
1604788500,14816.09,14816.09,14816.09,14816.09,0.00640368,1
1604788800,14826.02,14826.02,14826.02,14826.02,0.913,1
1604790300,14864.02,14910.79,14864.02,14910.79,0.2428374,5
1604790900,14904.52,14904.52,14898.09,14898.09,0.01619192,2
1604791500,14866.09,14866.09,14866.09,14866.09,0.0164123,1
1604792400,14902.58,14902.58,14902.58,14902.58,0.07591389,1
1604792700,14901.68,14901.68,14901.68,14901.68,0.01815,1
1604793600,14801.2,14814.93,14791.5,14791.5,0.18040857,12
1604796000,14881.55,14881.55,14881.55,14881.55,0.0265,2
1604797800,14869.1,14869.1,14869.1,14869.1,0.05,1
1604799300,14955.58,14975.64,14955.58,14975.64,0.07206644,3
1604800200,15047.7,15063.5,15047.7,15063.5,0.57697671,7
1604800800,15068.34,15068.34,15068.34,15068.34,0.05257079,2
1604801100,15075.18,15075.18,15075.18,15075.18,0.01696375,1
1604801400,15111.36,15111.4,15083.04,15083.04,0.1529917,4
1604802300,15069.66,15069.66,15069.66,15069.66,0.0066888,1
1604803200,15054.91,15054.92,15046.29,15048.26,0.18468953,6
1604805600,15020.39,15020.4,15020.39,15020.4,0.08175,2
1604808000,14993.39,14993.39,14993.39,14993.39,0.06513405,2
1604810700,15010.59,15010.59,15010.59,15010.59,0.0243155,2
1604811000,15021.34,15021.34,15021.34,15021.34,0.00238603,1
1604813400,15037.39,15037.4,15037.39,15037.4,0.17860339,2
1604821500,14954.61,14954.61,14954.61,14954.61,0.00335532,1
1604821800,14943.61,14943.61,14941.31,14941.31,0.02302262,2
1604824800,14960.23,14960.23,14952.43,14955.79,1.65638722,11
1604825400,14991.32,14991.32,14991.32,14991.32,0.04170332,2
1604826000,14997.91,15023.25,14997.91,15023.25,0.23969231,2
1604827200,14987.34,14987.35,14987.34,14987.35,0.05,3
1604828100,15005.08,15005.08,15002.16,15002.16,0.14634537,6
1604828700,15011.4,15011.4,15011.4,15011.4,0.00254857,1
1604829000,15014.2,15014.2,15014.2,15014.2,0.00266638,1
1604829300,15040.81,15040.81,15040.81,15040.81,0.01662698,2
1604829900,15047.3,15057.5,15047.3,15057.5,1.05787571,6
1604830200,15024.99,15024.99,15024.99,15024.99,0.02925849,2
1604832000,15085.31,15090.25,15085.31,15090.25,0.27359278,9
1604832300,15140.36,15140.37,15140.36,15140.37,0.05872396,2
1604833200,15175.38,15175.38,15175.38,15175.38,0.01685173,1
1604835900,15156.05,15156.05,15156.05,15156.05,0.05033205,2
1604837400,15233.61,15233.62,15233.61,15233.62,0.15734161,4
1604838900,15240.28,15240.28,15240.28,15240.28,0.00459,2
1604839800,15276.26,15276.26,15276.26,15276.26,0.01674045,1
1604840100,15293.99,15293.99,15293.99,15293.99,0.07452341,2
1604840700,15267.16,15267.16,15267.16,15267.16,0.002484,1
1604841600,15217.21,15217.21,15217.21,15217.21,0.00249215,1
1604842200,15167.43,15167.43,15167.43,15167.43,0.00250033,1
1604845800,15265.74,15273.7,15265.74,15273.7,0.04,3
1604846700,15290.1,15290.1,15290.1,15290.1,0.013,1
1604847300,15315.84,15327.44,15315.84,15327.44,0.05614799,3
1604847600,15366.12,15379.55,15366.12,15379.55,0.0391139,4
1604847900,15413.37,15413.4,15413.37,15413.4,0.11992358,2
1604848200,15416.55,15443.33,15416.55,15423.19,0.09680707,5
1604848500,15391.0,15391.0,15391.0,15391.0,0.6481,5
1604849400,15355.0,15355.0,15355.0,15355.0,0.05,1
1604850000,15373.54,15373.54,15373.54,15373.54,0.1196111,2
1604850300,15406.82,15406.84,15406.82,15406.84,0.13,3
1604851200,15379.28,15379.28,15379.15,15379.15,0.11339,4
1604852400,15337.91,15337.91,15337.91,15337.91,0.00335533,1
1604853300,15375.46,15399.35,15341.6,15341.6,2.87,14
1604853900,15398.15,15398.15,15398.15,15398.15,0.02911986,1
1604854800,15408.7,15408.7,15408.7,15408.7,0.00828773,1
1604855100,15416.48,15416.51,15416.48,15416.51,0.0649,4
1604855400,15425.21,15445.43,15425.21,15445.43,1.12442183,4
1604855700,15467.15,15480.02,15467.15,15480.02,0.06899974,4
1604856000,15515.5,15583.14,15515.5,15583.14,4.36954964,17
1604856900,15562.96,15562.96,15562.96,15562.96,0.02,1
1604857200,15599.29,15612.36,15599.29,15612.36,0.11112663,3
1604857500,15612.36,15619.94,15612.36,15619.94,0.03595994,3
1604857800,15606.54,15612.19,15606.46,15606.46,0.23466402,4
1604858400,15644.85,15649.2,15644.85,15649.2,2.93241086,5
1604860500,15519.35,15519.35,15519.35,15519.35,0.00244363,1
1604860800,15519.35,15519.35,15519.35,15519.35,0.00244363,1
1604861700,15567.54,15567.54,15567.54,15567.54,0.03860196,1
1604862600,15497.31,15506.22,15497.31,15506.22,0.0994648,3
1604862900,15500.0,15500.0,15417.98,15417.98,0.27653992,12
1604863200,15401.03,15401.06,15401.03,15401.06,0.22799372,5
1604864400,15400.0,15400.0,15400.0,15400.0,0.45315713,7
1604864700,15372.93,15372.93,15329.08,15329.08,0.07132469,4
1604865000,15329.08,15329.08,15317.27,15317.27,0.30600933,6
1604865900,15416.55,15446.24,15416.55,15446.24,0.00447587,4
1604867100,15387.99,15387.99,15387.99,15387.99,0.0325,2
1604869500,15347.51,15347.51,15335.1,15335.1,0.10266,6
1604870100,15345.59,15345.59,15345.59,15345.59,0.02,2
1604870400,15317.27,15317.27,15317.27,15317.27,0.00247587,1
1604870700,15315.0,15315.0,15315.0,15315.0,0.125,1
1604871900,15315.0,15315.0,15315.0,15315.0,0.05,4
1604872200,15278.84,15278.84,15278.84,15278.84,0.00734439,2
1604873100,15352.56,15352.56,15352.55,15352.55,0.01998394,4
1604874000,15416.53,15416.55,15416.53,15416.55,0.00583119,2
1604874300,15450.09,15450.15,15450.09,15450.15,0.18,3
1604874600,15467.15,15480.02,15467.15,15480.02,0.01898786,2
1604874900,15516.81,15517.92,15516.81,15517.92,0.05546072,2
1604878200,15509.01,15509.1,15509.01,15509.1,0.5,6
1604878800,15496.33,15522.87,15483.86,15522.87,0.47165495,6
1604880000,15520.98,15520.98,15520.98,15520.98,0.001,1
1604880600,15435.5,15435.5,15423.6,15423.6,0.55126697,15
1604880900,15424.53,15440.6,15424.53,15440.6,0.19528742,13
1604881800,15568.84,15582.93,15568.84,15582.93,0.01886265,2
1604884200,15564.21,15564.21,15564.21,15564.21,0.00111002,1
1604885100,15564.56,15564.56,15564.56,15564.56,0.00947956,1
1604885400,15564.55,15564.56,15564.55,15564.56,0.01693463,4
1604885700,15564.56,15564.56,15564.56,15564.56,0.07694113,1
1604886300,15538.3,15538.3,15538.3,15538.3,0.10128,1
1604887500,15528.53,15528.53,15528.53,15528.53,0.01,1
1604889000,15535.6,15535.6,15535.6,15535.6,0.1,1
1604889900,15546.1,15546.1,15542.3,15542.3,0.2,3
1604890800,15468.58,15468.58,15468.58,15468.58,0.00245165,1
1604891700,15430.98,15430.98,15430.98,15430.98,0.016411,1
1604892600,15458.68,15458.69,15458.68,15458.68,0.028,4
1604894400,15428.5,15428.5,15401.0,15401.0,0.1242797,7
1604895300,15405.49,15405.49,15405.49,15405.49,0.00171563,1
1604895600,15416.52,15416.52,15416.52,15416.52,0.00100029,1
1604896500,15416.52,15416.52,15416.52,15416.52,0.09831488,9
1604896800,15416.52,15416.52,15416.52,15416.52,0.00068483,1
1604898000,15396.56,15396.56,15372.93,15372.93,0.26443912,3
1604898300,15372.93,15372.93,15367.54,15367.54,0.01423967,2
1604899800,15452.44,15452.44,15452.44,15452.44,0.00335828,1
1604900100,15448.52,15448.52,15448.52,15448.52,0.00336568,1
1604900400,15467.15,15467.15,15467.15,15467.15,0.00246777,1
1604905200,15407.29,15423.5,15407.29,15423.5,0.90544309,6
1604905500,15429.52,15429.52,15429.52,15429.52,0.00261824,1
1604905800,15384.55,15400.61,15384.55,15400.61,0.9439421,5
1604906400,15374.79,15374.79,15374.79,15374.79,0.00201,1
1604908200,15367.54,15367.54,15367.54,15367.54,0.00246777,1
1604908500,15329.08,15329.08,15301.6,15301.6,0.01921575,4
1604910000,15300.0,15300.0,15250.0,15250.0,1.187994,13
1604910300,15227.86,15227.86,15226.0,15226.0,0.0306299,3
1604910600,15217.21,15217.21,15178.89,15190.8,0.21736511,4
1604911200,15267.01,15327.44,15267.01,15327.44,0.07259009,5
1604911500,15366.12,15412.2,15366.12,15412.2,1.051784,10
1604912400,15416.55,15421.83,15416.55,15421.83,0.05580329,4
1604914500,15449.31,15449.31,15449.3,15449.3,0.0383,2
1604915400,15446.66,15446.66,15446.66,15446.66,0.0041509,1
1604916300,15467.15,15467.15,15467.15,15467.15,0.00246777,1
1604916600,15480.02,15480.02,15480.02,15480.02,0.01652009,2
1604918700,15473.75,15473.75,15473.74,15473.74,0.02,4
1604919300,15496.3,15496.3,15496.3,15496.3,0.02581848,1
1604919600,15469.7,15469.7,15469.7,15469.7,0.00226,2
1604919900,15498.44,15517.92,15498.44,15517.92,0.58380511,11
1604920800,15548.5,15548.5,15548.5,15548.5,0.31,1
1604922300,15525.56,15582.93,15525.56,15582.93,0.3320632,8
1604922600,15612.15,15708.51,15612.15,15708.51,0.22626303,7
1604922900,15722.64,15826.02,15722.64,15826.02,0.41469132,17
1604923200,15724.1,15724.1,15724.1,15724.1,0.00241181,1
1604923500,15672.66,15672.66,15652.62,15652.62,0.05767454,3
1604923800,15636.8,15636.8,15467.6,15467.6,0.20644346,13
1604924100,15546.63,15612.36,15546.63,15612.36,0.15943979,12
1604924700,15619.94,15665.63,15619.94,15665.63,0.00543915,2
1604925000,15671.21,15671.21,15670.0,15670.0,0.03423564,2
1604925300,15616.7,15618.7,15614.88,15614.88,0.102,5
1604926200,15570.29,15570.29,15570.29,15570.29,0.00243564,1
1604927100,15519.35,15519.35,15417.98,15417.98,0.07644261,6
1604927400,15420.01,15420.01,15329.08,15329.08,0.4083621,18
1604927700,15326.5,15366.12,15242.7,15366.12,3.07828627,24
1604928000,15416.55,15416.55,15416.55,15416.55,0.00247587,1
1604928300,15317.27,15317.27,15300.4,15300.4,0.06024275,2
1604929200,15313.0,15320.79,15313.0,15320.79,0.26280468,5
1604929500,15267.16,15267.16,15227.86,15227.86,0.30531327,12
1604929800,15217.21,15217.21,15167.43,15167.43,0.08647222,4
1604930100,15246.28,15265.74,15246.28,15265.74,0.98560033,8
1604930400,15315.84,15336.1,15315.84,15331.4,0.72202169,5
1604932200,15366.12,15377.81,15366.12,15377.81,0.0191139,2
1604932500,15395.51,15400.89,15377.7,15377.7,1.1299,6
1604932800,15371.97,15371.97,15358.14,15358.15,0.7031213,5
1604933700,15267.17,15267.17,15027.42,15043.42,0.67872954,24
1604934000,15095.49,15101.88,15092.17,15092.17,0.17279014,4
1604934300,15061.04,15061.04,15061.04,15061.04,0.04055607,1
1604934600,15043.51,15087.55,14985.85,14985.9,0.72928194,11
1604934900,15080.29,15080.29,15080.29,15080.29,0.00610576,1
1604935200,15116.41,15140.37,15116.41,15140.37,0.01151081,4
1604935500,15140.37,15140.37,15140.37,15140.37,0.04533299,1
1604935800,15093.32,15100.0,15093.31,15100.0,4.37567948,26
1604936100,15100.0,15100.0,15100.0,15100.0,0.00772459,1
1604936400,15051.17,15051.17,15051.17,15051.17,0.00690843,1
1604936700,15027.54,15027.54,15019.06,15019.06,0.03620381,2
1604937000,14999.99,15056.09,14999.99,15056.09,0.09752642,3
1604937600,15075.0,15075.0,15075.0,15075.0,0.00233282,1
1604937900,14969.93,14969.93,14900.0,14900.0,0.24233227,7
1604938200,14900.0,14900.0,14872.14,14872.14,0.00818123,2
1604938500,14851.74,14911.89,14851.74,14911.89,0.47613699,3
1604938800,14957.99,14978.1,14957.99,14978.1,0.68498454,5
1604939400,14909.16,14909.16,14909.16,14909.16,0.13473,1
1604939700,15017.67,15017.67,15017.67,15017.67,0.00254163,1
1604940300,15047.7,15072.85,15047.7,15072.85,0.62944315,5
1604940600,15075.18,15075.18,15075.18,15075.18,0.01696375,1
1604940900,15095.07,15140.37,15095.07,15140.37,0.10524946,5
1604941200,15116.41,15116.41,15101.89,15101.89,0.07387917,3
1604941500,15158.56,15175.38,15158.56,15175.38,0.04122945,3
1604942100,15157.7,15157.7,15157.7,15157.7,0.012,1
1604942400,15178.08,15178.08,15178.08,15178.08,0.2021866,2
1604942700,15200.91,15200.92,15200.91,15200.92,0.09853584,2
1604943600,15214.03,15215.8,15214.03,15215.8,0.04250854,3
1604944500,15233.62,15233.62,15233.62,15233.62,0.05398629,4
1604945100,15207.31,15207.31,15207.31,15207.31,0.0064421,1
1604945400,15213.24,15213.25,15213.04,15213.04,0.0617891,3
1604946000,15226.68,15226.68,15226.68,15226.68,0.001082,1
1604947500,15265.74,15276.26,15265.74,15276.26,0.01924078,2
1604947800,15293.7,15293.7,15293.7,15293.7,0.01021013,1
1604948100,15315.84,15315.84,15315.84,15315.84,0.00249215,1
1604948400,15327.44,15341.35,15327.44,15341.35,0.08365584,3
1604948700,15319.5,15319.5,15319.5,15319.5,0.03255755,1
1604949000,15366.12,15375.36,15366.12,15375.36,1,6
1604949300,15377.81,15377.81,15377.81,15377.81,0.0166299,1
1604949600,15390.21,15390.21,15390.21,15390.21,0.0066,2
1604950200,15416.55,15421.83,15416.55,15421.83,0.05580329,2
1604950500,15391.0,15391.0,15391.0,15391.0,0.01111,1
1604951400,15366.16,15366.16,15366.16,15366.16,0.03846979,1
1604951700,15366.0,15366.0,15366.0,15366.0,0.03557935,1
1604952300,15409.58,15409.58,15409.58,15409.58,0.02120292,1
1604953800,15467.15,15467.15,15467.15,15467.15,0.00246777,1
1604954100,15480.02,15480.02,15480.02,15480.02,0.01652009,1
1604955600,15393.19,15393.2,15393.19,15393.2,0.008,2
1604956200,15424.54,15424.61,15424.54,15424.61,0.58,3
1604956500,15436.43,15436.43,15436.43,15436.43,0.07270983,1
1604958600,15367.54,15367.54,15344.65,15344.65,0.08937919,3
1604958900,15366.0,15366.0,15366.0,15366.0,0.51304129,1
1604960100,15401.47,15404.59,15401.47,15404.59,0.32377902,5
1604961300,15329.08,15329.08,15317.27,15317.27,0.01899596,2
1604961600,15278.84,15278.84,15262.92,15262.92,0.13041556,3
1604966100,15328.98,15328.98,15322.0,15322.0,0.29683,5
1604966400,15330.56,15330.56,15330.56,15330.56,0.001,1
1604967900,15227.86,15227.86,15217.21,15217.21,0.01912205,2
1604970600,15315.84,15315.84,15315.84,15315.84,0.00249215,1
1604971500,15366.12,15371.3,15366.12,15371.3,0.58647732,7
1604973300,15377.81,15377.81,15377.81,15377.81,0.0166299,1
1604973900,15416.55,15416.55,15416.55,15416.55,0.00247587,1
1604976900,15369.29,15369.29,15369.29,15369.29,0.098036,1
1604977200,15346.6,15346.6,15346.5,15346.5,5.09791,28
1604977500,15317.27,15317.27,15317.27,15317.27,0.00247587,1
1604978400,15316.58,15316.58,15316.58,15316.58,0.01,2
1604981400,15369.77,15374.66,15369.77,15374.66,1.62385726,5
1604984400,15416.55,15416.55,15416.55,15416.55,0.00247587,1
1604985900,15421.83,15421.83,15421.83,15421.83,0.05332742,1
1604989500,15317.27,15317.27,15317.27,15317.27,0.00247587,1
1604990700,15278.85,15278.85,15278.84,15278.84,0.12334953,3
1604992800,15303.9,15303.9,15303.9,15303.9,0.00308,2
1604997000,15416.55,15416.55,15416.55,15416.55,0.00247587,1
1604998200,15458.6,15458.6,15458.6,15458.6,0.00184909,1
1605000000,15438.93,15438.93,15438.93,15438.93,0.00775,1
1605001800,15409.63,15409.63,15407.86,15408.9,0.70825839,7
1605003300,15411.79,15411.82,15411.79,15411.82,1,3
1605006300,15317.27,15317.27,15267.16,15267.16,0.04142207,4
1605006600,15227.87,15227.87,15197.3,15197.3,0.999,14
1605007800,15302.75,15303.05,15302.75,15303.05,0.19,3
1605008700,15315.84,15315.84,15315.84,15315.84,0.00249215,1
1605009900,15366.12,15377.81,15366.12,15377.81,0.0191139,2
1605011700,15267.16,15267.16,15267.16,15267.16,0.002484,1
1605013200,15310.0,15310.0,15310.0,15310.0,0.00586912,1
1605014100,15227.86,15227.86,15217.21,15217.21,0.01912205,2
1605016200,15269.61,15269.61,15269.61,15269.61,0.01,1
1605016500,15315.84,15315.84,15315.84,15315.84,0.00198374,1
1605018900,15272.98,15272.98,15253.96,15253.96,0.0993611,3
1605019800,15217.21,15217.21,15217.21,15217.21,0.00249214,1
1605020100,15217.21,15217.21,15185.32,15185.32,0.53385185,5
1605021600,15185.32,15185.32,15167.43,15167.43,0.01250033,2
1605022200,15127.3,15127.3,15117.81,15117.81,0.11924899,3
1605022800,15132.85,15132.85,15132.85,15132.85,0.00855808,1
1605024000,15173.55,15173.55,15173.55,15173.55,0.33565707,1
1605024300,15215.8,15215.8,15215.8,15215.8,0.00250854,2
1605025500,15232.16,15232.16,15232.16,15232.16,0.19718826,1
1605026100,15265.74,15265.74,15265.74,15265.74,0.00250033,1
1605027000,15276.26,15276.26,15276.26,15276.26,0.01674045,1
1605027300,15277.0,15277.0,15277.0,15277.0,0.0154,1
1605029700,15275.1,15275.1,15275.1,15275.1,0.06546602,1
1605030300,15315.84,15327.44,15315.84,15327.44,0.00349215,2
1605030600,15305.11,15305.11,15305.11,15305.11,0.19,1
1605030900,15327.44,15327.44,15327.44,15327.44,0.00379501,1
1605032400,15286.28,15286.28,15286.28,15286.28,0.00101278,1
1605033300,15217.21,15217.21,15217.21,15217.21,0.00145122,1
1605035100,15312.09,15312.09,15312.09,15312.09,0.01578115,1
1605036600,15327.44,15327.44,15327.44,15327.44,0.04886083,2
1605036900,15328.6,15328.6,15325.25,15325.25,2.5536,6
1605037500,15334.78,15334.78,15299.02,15299.02,0.00585848,2
1605038400,15336.28,15336.28,15336.28,15336.28,0.00025707,1
1605039300,15318.61,15318.61,15318.61,15318.61,0.00471765,3
1605039900,15334.25,15334.25,15334.25,15334.25,0.03913,2
1605040200,15334.0,15334.0,15334.0,15334.0,0.00652146,1
1605040500,15334.0,15334.0,15330.51,15330.51,0.09145975,6
1605041100,15326.66,15326.66,15324.1,15324.1,4.34022104,8
1605041400,15301.34,15301.34,15295.88,15295.88,2.14021822,10
1605041700,15317.15,15317.15,15317.15,15317.15,0.0045663,1
1605042600,15357.68,15357.68,15357.68,15357.68,0.0306889,1
1605043800,15349.59,15349.6,15349.59,15349.6,0.25967211,2
1605044400,15366.12,15377.81,15366.12,15377.81,0.01597758,2
1605044700,15377.81,15403.83,15377.81,15403.83,0.03254353,2
1605046500,15369.09,15369.1,15369.07,15369.07,0.04,3
1605047400,15348.57,15348.57,15348.57,15348.57,0.00101674,1
1605049800,15326.0,15326.0,15326.0,15326.0,0.02,1
1605051900,15311.0,15311.0,15311.0,15311.0,0.02,1
1605052200,15301.0,15301.0,15301.0,15301.0,0.02,1
1605052800,15335.39,15335.39,15335.39,15335.39,0.01521699,2
1605054300,15386.45,15390.93,15386.45,15390.93,1.25253,2
1605054600,15416.55,15428.1,15416.55,15428.1,0.13,4
1605055200,15432.16,15432.16,15432.16,15432.16,0.14104,2
1605055500,15454.0,15467.15,15454.0,15467.15,0.01786777,2
1605055800,15476.13,15480.02,15476.13,15480.02,0.06652009,2
1605057000,15464.11,15464.11,15464.11,15464.11,0.01463369,3
1605057300,15430.09,15458.09,15430.09,15458.09,0.04934875,2
1605057900,15455.1,15455.11,15439.51,15439.51,0.02972748,5
1605058800,15475.45,15475.46,15475.45,15475.46,0.01446819,2
1605059100,15467.52,15467.52,15467.52,15467.52,0.03799057,2
1605061200,15445.17,15445.17,15445.17,15445.17,0.0518,1
1605061500,15464.6,15465.5,15464.6,15465.5,0.14850133,4
1605061800,15415.0,15415.0,15415.0,15415.0,0.01515,1
1605062100,15371.61,15371.61,15371.61,15371.61,0.02179629,2
1605062400,15383.73,15383.73,15383.73,15383.73,0.21842017,10
1605063600,15398.83,15398.83,15398.83,15398.83,0.00659414,1
1605064800,15442.58,15442.59,15423.59,15423.6,0.15003741,5
1605065400,15425.7,15425.7,15425.7,15425.7,0.15201273,7
1605066000,15452.99,15452.99,15452.99,15452.99,0.00774535,1
1605066900,15440.0,15440.0,15440.0,15440.0,1.7880294,10
1605067800,15434.99,15434.99,15434.99,15434.99,0.00742787,1
1605068400,15417.49,15417.49,15417.49,15417.49,0.01,1
1605069600,15367.54,15367.54,15367.54,15367.54,0.00246777,1
1605071400,15402.48,15404.69,15402.48,15404.69,3.19432,5
1605080700,15379.05,15379.05,15379.05,15379.05,0.008,1
1605081000,15393.19,15393.19,15393.19,15393.19,0.03556911,2
1605082500,15429.09,15432.49,15429.09,15432.49,0.72755183,4
1605082800,15424.42,15424.42,15424.42,15424.42,0.00646576,1
1605088500,15442.83,15442.83,15442.83,15442.83,0.6,1
1605088800,15467.15,15467.15,15467.15,15467.15,0.00246777,1
1605091800,15491.71,15491.71,15491.71,15491.71,0.01893,1
1605092100,15509.78,15582.93,15509.78,15582.93,0.99854168,8
1605092400,15600.0,15600.0,15600.0,15600.0,0.09497372,2
1605093300,15547.82,15547.82,15547.82,15547.82,1.0468,1
1605093600,15585.56,15585.57,15585.56,15585.57,2.0343,3
1605093900,15612.36,15619.94,15612.36,15619.94,0.05512026,2
1605094200,15671.21,15671.21,15671.21,15671.21,0.00243564,1
1605094500,15666.55,15669.91,15666.55,15669.91,0.6044,2
1605094800,15651.85,15651.85,15651.85,15651.85,0.00835131,1
1605095100,15570.29,15570.29,15570.29,15570.29,0.00243564,1
1605096600,15575.83,15583.7,15575.83,15583.7,0.51,4
1605096900,15603.58,15603.58,15603.58,15603.58,0.00637098,1
1605098400,15665.65,15665.65,15665.65,15665.65,1,1
1605099300,15630.0,15630.0,15630.0,15630.0,0.03198976,1
1605099900,15671.21,15671.21,15671.21,15671.21,0.00243564,1
1605100200,15681.87,15686.51,15681.87,15686.51,0.97275745,2
1605100500,15708.51,15708.51,15708.51,15708.51,0.0523542,2
1605100800,15689.3,15689.3,15689.3,15689.3,0.0095,1
1605102000,15615.15,15615.15,15611.09,15611.09,0.2283933,3
1605102900,15621.2,15621.2,15570.29,15570.29,0.08239329,4
1605103200,15562.86,15562.86,15547.33,15555.61,1.4546631,7
1605104400,15603.66,15603.66,15603.66,15603.66,0.01,1
1605107400,15613.47,15613.47,15613.47,15613.47,0.13,1
1605108300,15671.21,15671.21,15671.21,15671.21,0.00741615,2
1605108900,15689.0,15689.0,15689.0,15689.0,0.01112,1
1605109200,15691.66,15691.66,15691.66,15691.66,0.04311726,3
1605109500,15691.66,15691.66,15691.66,15691.66,0.39829032,1
1605110700,15708.51,15722.64,15708.51,15722.64,0.15424492,4
1605111600,15774.25,15779.25,15774.25,15779.25,0.00751973,3
1605111900,15788.0,15805.25,15788.0,15805.25,0.09877875,6
1605112200,15826.02,15877.93,15799.18,15815.0,0.65597163,15
1605112500,15801.24,15801.24,15801.24,15801.24,0.015,2
1605112800,15760.0,15760.0,15760.0,15760.0,0.03950433,1
1605113100,15760.0,15761.0,15724.1,15724.1,0.10305748,10
1605114000,15801.0,15801.0,15801.0,15801.0,0.0111444,2
1605114300,15800.01,15825.51,15800.01,15825.51,0.13047899,6
1605114900,15800.0,15800.0,15800.0,15800.0,0.01582278,1
1605115200,15808.22,15826.02,15808.22,15826.02,0.00994678,3
1605115800,15877.97,15902.58,15877.97,15902.58,0.3393653,14
1605116100,15924.97,15956.35,15924.97,15931.22,4.36588252,14
1605116400,15942.83,15942.83,15942.83,15942.83,0.001355,1
1605116700,15966.02,15966.02,15949.05,15949.05,0.04767146,3
1605117300,15878.92,15878.92,15877.4,15877.4,1.49237413,6
1605117900,15943.5,15982.37,15943.5,15982.37,0.10247965,2
1605118200,15964.63,15964.63,15964.63,15964.63,0.0063,1
1605120600,15879.44,15879.44,15826.69,15826.69,0.02374892,3
1605122400,15875.39,15875.39,15857.57,15857.57,0.19280804,2
1605122700,15827.0,15827.0,15821.5,15821.5,0.06515,4
1605123000,15804.0,15804.0,15775.71,15775.71,0.01470392,2
1605123600,15850.63,15850.63,15850.63,15850.63,0.00737089,1
1605124200,15834.12,15877.89,15834.12,15877.89,4.71760606,12
1605124800,15835.82,15835.82,15835.82,15835.82,0.06459365,1
1605125100,15776.0,15776.0,15734.0,15734.0,0.55971529,6
1605125700,15756.8,15756.8,15756.8,15756.8,0.1,2
1605126300,15725.0,15725.0,15645.6,15645.6,1.0248349,11
1605126600,15636.8,15636.8,15621.39,15621.39,0.01862266,3
1605128400,15722.64,15725.01,15722.64,15725.0,0.01931182,3
1605128700,15712.54,15712.54,15712.54,15712.54,0.14991,3
1605129600,15700.0,15700.0,15653.5,15653.5,0.0946243,4
1605129900,15656.37,15656.37,15656.37,15656.37,0.01083,2
1605130200,15742.71,15742.71,15742.67,15742.67,0.0680512,4
1605130800,15768.1,15768.1,15768.1,15768.1,0.03049535,2
1605131400,15774.25,15790.77,15774.25,15790.77,0.01861472,2
1605131700,15805.25,15805.25,15805.25,15805.25,0.05203376,1
1605132000,15826.02,15846.7,15826.02,15846.7,0.00341181,2
1605132600,15831.89,15832.41,15831.89,15832.41,0.20474591,7
1605132900,15841.77,15848.0,15841.77,15848.0,0.0131161,3
1605133200,15877.97,15877.97,15877.97,15877.97,0.00240392,1
1605133800,15817.48,15817.49,15817.48,15817.49,0.1273756,3
1605135900,15775.71,15775.71,15775.71,15775.71,0.00240392,1
1605137400,15775.79,15775.79,15755.23,15755.23,0.00921559,2
1605137700,15766.49,15766.49,15766.49,15766.49,0.00459455,1
1605138300,15724.1,15724.1,15704.48,15704.48,0.0666929,2
1605138600,15727.79,15727.79,15705.89,15705.89,0.0160488,2
1605139200,15738.02,15738.02,15738.02,15738.02,0.001,1
1605139500,15672.66,15672.66,15621.39,15621.39,0.07461173,7
1605139800,15610.0,15610.0,15519.35,15519.35,1.12798958,14
1605140100,15556.0,15556.0,15556.0,15556.0,0.0111555,1
1605140400,15565.33,15565.33,15564.52,15564.52,1E+1,22
1605141600,15619.94,15619.94,15610.0,15610.0,0.97134334,3
1605142800,15620.0,15620.0,15620.0,15620.0,0.03093397,1
1605143100,15620.0,15620.0,15620.0,15620.0,4.16832861,20
1605146400,15629.45,15629.45,15629.45,15629.45,0.11901,1
1605148500,15671.21,15671.21,15671.21,15671.21,0.00243564,1
1605150600,15652.83,15652.83,15652.83,15652.83,0.0201,1
1605151200,15686.51,15686.51,15686.51,15686.51,0.00822215,2
1605151500,15686.51,15686.51,15686.51,15686.51,0.00808049,2
1605151800,15685.2,15685.2,15683.4,15683.4,0.3,8
1605152400,15681.79,15681.8,15681.79,15681.8,0.11822268,2
1605154500,15653.0,15653.0,15626.0,15626.0,0.0247954,2
1605155400,15643.6,15643.6,15643.6,15643.6,0.1,2
1605157500,15708.51,15708.51,15708.51,15708.51,0.0523542,1
1605157800,15722.64,15722.64,15722.64,15722.64,0.00242767,1
1605159600,15774.25,15774.25,15774.25,15774.25,0.00241973,2
1605161400,15790.77,15805.25,15790.77,15805.25,0.06822875,4
1605161700,15826.02,15826.02,15826.02,15826.02,0.00241181,1
1605162900,15850.26,15850.26,15850.26,15850.26,0.00375071,3
1605164700,15809.79,15809.79,15809.78,15809.79,0.15474918,3
1605165000,15815.4,15815.4,15808.1,15808.1,0.5,5
1605166200,15833.46,15833.46,15832.99,15832.99,0.40175796,5
1605166500,15877.97,15902.58,15877.97,15902.58,0.10862678,5
1605168600,15921.8,15940.31,15921.8,15940.3,0.05853489,6
1605171300,15827.49,15827.49,15827.49,15827.49,0.00239606,1
1605173100,15884.56,15884.56,15884.56,15884.56,0.00179365,1
1605173400,15930.08,15930.08,15930.08,15930.08,0.00239606,1
1605174600,15982.0,16087.45,15982.0,16067.11,1.55535517,24
1605174900,16048.01,16082.56,16048.01,16082.56,0.06383397,4
1605175200,16107.76,16140.25,16107.76,16140.25,0.21878857,5
1605176100,16096.44,16096.44,15858.13,15867.0,8.42640767,64
1605176400,15852.16,15852.16,15827.49,15827.49,0.06977661,3
1605176700,15911.89,15930.08,15911.89,15930.08,0.41809606,6
1605177600,15912.68,15912.68,15912.68,15912.68,0.11066646,2
1605178200,15827.49,15827.49,15753.8,15753.8,1.96118998,12
1605178500,15740.75,15740.75,15724.1,15724.1,0.01849985,2
1605178800,15672.66,15672.66,15658.7,15658.7,0.16579349,8
1605179100,15774.25,15774.25,15774.25,15774.25,0.00241973,1
1605179700,15805.25,15805.25,15805.25,15805.25,0.05203376,1
1605180600,15805.3,15805.3,15805.3,15805.3,0.03733,3
1605181800,15819.44,15829.7,15819.44,15829.7,1,8
1605182100,15815.87,15815.87,15815.87,15815.87,0.02,1
1605183900,15877.97,15895.75,15877.97,15895.75,0.01849196,2
1605185100,15902.58,15930.08,15902.58,15930.08,0.05411135,2
1605187200,15930.0,15930.0,15930.0,15930.0,0.012,1
1605188700,15950.0,15950.0,15950.0,15950.0,1,5
1605189000,15982.37,15999.0,15982.37,15999.0,2.00238822,6
1605189300,16000.52,16034.83,16000.52,16034.83,1.3148658,9
1605189600,16087.45,16099.05,16087.45,16099.05,0.05345678,2
1605189900,15983.85,15983.85,15983.85,15983.85,0.00237262,1
1605190800,16066.05,16066.05,16066.05,16066.05,0.02288096,1
1605191100,15997.92,16011.66,15997.92,16011.66,0.04309979,2
1605191400,15949.78,15949.78,15931.56,15931.56,0.05346457,2
1605191700,15917.0,15917.0,15917.0,15917.0,0.01313,1
1605192300,15879.44,15945.29,15852.16,15945.29,4.53399549,20
1605192600,15982.37,16000.52,15982.37,16000.52,0.07639476,4
1605193200,16034.83,16034.83,16034.83,16034.83,0.00238041,1
1605195000,16087.45,16099.05,16087.45,16099.05,0.05345678,2
1605195900,16107.76,16107.76,16107.76,16107.76,0.01587628,1
1605196200,16130.0,16140.25,16126.21,16140.25,8.25074486,26
1605196500,16156.81,16156.81,16156.8,16156.8,0.04118297,2
1605197100,16095.01,16095.01,16095.01,16095.01,0.05,2
1605199200,16103.78,16103.78,16103.78,16103.78,0.00194244,1
1605200400,16182.0,16198.2,16182.0,16198.2,0.4569725,7
1605200700,16193.02,16193.02,16182.49,16182.49,1.49442665,7
1605202200,16182.02,16182.02,16064.2,16064.2,3.49133364,10
1605202500,16106.5,16121.9,16104.9,16112.8,0.39759065,28
1605203100,16051.45,16051.45,16026.97,16034.11,2.07291785,17
1605203700,16000.0,16000.0,15970.85,15992.99,1.48091488,12
1605204300,16031.81,16036.2,16012.77,16013.39,0.43417809,5
1605204600,16005.08,16013.39,15988.01,15988.01,1.33106158,5
1605205200,15950.7,15950.7,15931.56,15931.56,0.08753445,4
1605205800,16034.83,16034.83,16034.83,16034.83,0.00238041,1
1605206700,16064.4,16066.79,16063.7,16063.82,2.66231936,14
1605207000,16062.78,16107.76,16062.7,16107.76,1.39972283,12
1605207600,16109.5,16111.39,16109.5,16111.39,0.09638747,2
1605209400,16030.65,16030.65,16030.65,16030.65,0.491,1
1605209700,16029.72,16029.72,16029.72,16029.72,0.02997678,1
1605212100,16092.04,16092.04,16092.04,16092.04,0.02412,1
1605213000,16120.0,16120.0,16120.0,16120.0,0.46838,4
1605213300,16140.25,16140.25,16140.25,16140.25,0.00236486,1
1605213600,16133.48,16133.48,16115.76,16115.76,0.21970712,4
1605213900,16115.51,16120.85,16106.49,16117.7,1.30870351,36
1605214500,16155.0,16155.0,16155.0,16155.0,0.2,3
1605215100,16150.0,16155.0,16150.0,16155.0,0.13604876,7
1605215700,16155.0,16155.0,16155.0,16155.0,0.01880389,2
1605216000,16155.0,16165.0,16155.0,16165.0,0.16090074,6
1605217200,16168.29,16182.0,16168.29,16182.0,0.03545131,2
1605217500,16182.0,16182.0,16182.0,16182.0,0.02545834,2
1605217800,16193.23,16198.2,16193.23,16198.2,0.05312859,2
1605218700,16190.0,16250.0,16190.0,16250.0,0.22275111,7
1605219000,16275.0,16310.0,16275.0,16310.0,3.70294036,14
1605219300,16330.0,16330.0,16270.86,16270.86,0.20346769,4
1605219600,16295.64,16295.64,16295.64,16295.64,0.17091074,2
1605219900,16310.0,16317.5,16310.0,16317.5,0.22186747,5
1605220200,16316.19,16330.0,16316.19,16330.0,0.26856371,6
1605220500,16340.0,16340.0,16246.28,16246.28,1.05015185,2
1605221100,16300.0,16300.0,16300.0,16300.0,0.2,1
1605221400,16247.0,16247.0,16247.0,16247.0,0.00178,1
1605222600,16251.02,16251.02,16250.0,16250.85,0.22231,5
1605222900,16220.85,16220.85,16220.85,16220.85,0.06742158,2
1605223200,16250.84,16260.0,16250.84,16260.0,0.16742158,4
1605223800,16280.0,16291.2,16277.42,16291.2,0.0905947,4
1605224100,16300.0,16322.01,16300.0,16304.0,2.2,13
1605224700,16340.0,16350.0,16340.0,16350.0,1.21212,3
1605225300,16291.77,16291.77,16291.77,16291.77,0.045,2
1605225600,16353.2,16353.2,16353.2,16353.2,0.001,1
1605226500,16292.12,16292.12,16292.12,16292.12,0.05,1
1605226800,16353.2,16353.2,16353.2,16353.2,0.00147965,1
1605227100,16389.2,16389.3,16389.2,16389.3,0.04351251,2
1605227400,16398.33,16398.33,16398.33,16398.33,0.05015185,1
1605227700,16406.87,16416.4,16406.87,16416.4,0.40727965,2
1605228300,16431.08,16431.08,16431.08,16431.08,0.01556389,1
1605228600,16441.34,16441.34,16441.1,16441.1,0.4,4
1605228900,16419.8,16419.8,16419.8,16419.8,0.1,1
1605229500,16411.96,16411.96,16411.96,16411.96,0.15,1
1605229800,16450.0,16450.0,16450.0,16450.0,0.18978799,3
1605230100,16460.72,16460.72,16460.72,16460.72,0.00247965,1
1605231000,16410.0,16410.0,16410.0,16410.0,0.02328509,4
1605232500,16457.0,16457.0,16457.0,16457.0,0.05609328,1
1605233400,16410.0,16410.0,16410.0,16410.0,0.01009633,1
1605238800,16461.39,16461.39,16461.39,16461.39,0.01,1
1605240300,16441.89,16441.89,16441.89,16441.89,0.1,1
1605242400,16454.24,16472.2,16453.21,16453.21,1.47910337,11
1605243600,16379.0,16379.0,16339.6,16339.6,0.63659956,12
1605244200,16301.21,16301.21,16300.0,16300.0,0.10232643,2
1605244500,16270.86,16270.86,16246.28,16246.28,0.0680498,3
1605246000,16266.48,16266.48,16266.36,16266.36,0.06,3
1605246300,16277.36,16277.37,16277.36,16277.37,0.031,2
1605251400,16301.27,16301.27,16269.69,16269.69,3.739202,15
1605251700,16269.66,16269.66,16269.66,16269.66,1.72675361,5
1605252900,16201.85,16250.59,16201.85,16250.59,0.20367576,4
1605255000,16249.9,16249.9,16249.9,16249.9,0.06660824,2
1605255600,16194.73,16197.9,16184.29,16197.9,1.13032825,8
1605256800,16193.6,16193.6,16193.6,16193.6,0.1229,1
1605257400,16258.04,16258.07,16258.04,16258.07,0.12453835,3
1605259500,16299.7,16299.7,16299.7,16299.7,0.00234172,1
1605260100,16325.69,16325.69,16325.69,16325.69,0.00883745,1
1605260700,16353.2,16353.2,16353.2,16353.2,0.00233406,1
1605261900,16355.8,16355.8,16355.8,16355.8,0.08608712,1
1605262500,16337.74,16337.75,16317.81,16317.81,0.02684199,3
1605262800,16339.05,16339.05,16339.05,16339.05,0.00121859,1
1605263100,16287.35,16287.35,16287.35,16287.35,0.001832,1
1605263400,16276.39,16276.39,16276.39,16276.39,0.005,1
1605263700,16259.3,16259.3,16259.3,16259.3,0.01,1
1605264000,16247.88,16247.88,16211.79,16211.79,0.01633406,2
1605264300,16194.73,16194.73,16194.73,16194.73,0.00234172,1
1605264600,16230.32,16230.32,16230.32,16230.32,0.0130625,1
1605265500,16163.43,16163.43,16134.94,16134.94,0.12547745,7
1605266100,16112.0,16138.74,16112.0,16138.74,0.27685,5
1605266400,16146.57,16146.57,16146.57,16146.57,0.00558982,1
1605268200,16216.39,16251.69,16216.39,16239.23,0.09891146,5
1605268800,16256.65,16256.65,16256.65,16256.65,0.02710845,1
1605270300,16275.0,16275.0,16275.0,16275.0,1,2
1605270600,16297.96,16299.7,16297.96,16299.7,0.05280243,3
1605274200,16278.64,16278.64,16278.6,16278.6,0.2,3
1605275400,16269.95,16269.95,16265.95,16265.95,0.06528602,4
1605276600,16292.49,16292.49,16286.16,16286.16,0.00261892,2
1605277500,16243.89,16243.89,16238.65,16238.65,0.01339,3
1605277800,16194.73,16194.73,16194.73,16194.73,0.00234172,1
1605279900,16161.09,16161.09,16141.75,16141.75,0.07404436,5
1605280200,16141.12,16157.49,16141.12,16145.93,0.04938659,7
1605280500,16139.69,16171.15,16139.69,16166.61,0.06037868,9
1605280800,16158.79,16159.82,16139.99,16139.99,0.04437038,7
1605281100,16123.39,16123.39,16115.26,16115.26,0.03234485,5
1605281400,16134.12,16160.37,16134.12,16160.36,0.03322762,5
1605281700,16168.75,16168.75,16160.59,16160.59,0.01836124,3
1605283500,16101.0,16101.0,16047.03,16047.03,0.12987408,11
1605283800,16065.25,16096.07,16061.49,16071.15,0.05105566,7
1605284100,16073.35,16073.35,16051.32,16051.32,0.005663,4
1605284400,16036.31,16036.31,15998.63,15998.63,0.50846486,5
1605284700,16009.7,16009.7,16009.7,16009.7,0.01964019,3
1605285300,16100.0,16140.25,16100.0,16140.25,1.00567725,8
1605285900,16193.23,16214.82,16193.23,16199.0,0.19215705,4
1605286200,16188.91,16198.76,16188.91,16198.76,0.04825249,2
1605286500,16200.0,16200.0,16200.0,16200.0,0.00625592,1
1605287700,16153.84,16153.84,16153.84,16153.84,0.02115,1
1605288000,16167.51,16170.74,16167.51,16170.74,0.61680457,4
1605288300,16185.6,16185.6,16185.6,16185.6,0.002,1
1605288600,16212.29,16212.29,16212.29,16212.29,0.00197571,1
1605288900,16246.38,16246.38,16246.38,16246.38,0.00234941,1
1605290100,16278.81,16280.07,16278.81,16280.07,0.1,3
1605292500,16278.21,16278.21,16278.21,16278.21,0.008,1
1605294300,16256.05,16282.97,16256.05,16282.97,0.00596443,2
1605294600,16293.08,16293.09,16288.33,16288.33,0.1249886,3
1605294900,16294.55,16297.96,16294.46,16294.46,0.08236414,6
1605296100,16297.96,16297.96,16297.96,16297.96,0.02616694,2
1605296400,16297.96,16299.7,16297.96,16299.7,0.02539357,6
1605299700,16238.51,16238.51,16238.46,16238.46,0.13763343,3
1605300000,16245.94,16245.94,16245.94,16245.94,0.00113545,1
1605301200,16236.83,16236.83,16236.69,16236.69,0.21544542,3
1605301800,16277.76,16277.76,16277.32,16277.32,0.15175,3
1605304800,16310.0,16310.0,16310.0,16310.0,0.46299723,8
1605305100,16322.59,16322.59,16322.59,16322.59,0.01566733,2
1605305700,16353.2,16353.2,16353.2,16353.2,0.00233406,1
1605307500,16369.54,16370.0,16369.54,16370.0,2.55787855,10
1605308700,16364.74,16364.74,16364.74,16364.74,0.02164021,1
1605309000,16364.75,16364.75,16364.59,16364.65,0.07562371,4
1605309300,16369.48,16369.48,16369.48,16369.48,0.0014522,1
1605312000,16355.89,16355.89,16355.89,16355.89,0.001,1
1605312300,16260.32,16260.32,16260.32,16260.32,0.0031,1
1605312600,16296.89,16296.89,16296.6,16296.6,0.82515596,6
1605316200,16247.88,16247.88,16245.84,16245.84,0.03693087,3
1605316500,16240.49,16240.49,16240.49,16240.49,0.1231148,1
1605319800,16200.69,16200.69,16200.69,16200.69,0.03174399,1
1605320100,16194.73,16194.73,16194.73,16194.73,0.00234172,1
1605327000,16188.81,16188.81,16178.7,16178.7,2.16754085,20
1605327300,16178.7,16178.7,16178.7,16178.7,0.0982453,4
1605327600,16178.7,16178.7,16154.99,16155.02,1.57047039,86
1605328800,16146.84,16146.84,16141.75,16141.75,0.05207692,6